0 0 1 1.000000
1 1 2 1.000000
2 1 1 1.000000
3 1 1 1.000000
4 0 1 1.000000
5 0 1 1.000000
6 0 1 1.000000
7 1 1 1.000000
8 1 0 0.422522
8 1 1 0.577478
9 1 1 1.000000
10 1 1 1.000000
11 1 1 1.000000
12 1 1 1.000000
13 1 1 1.000000
14 0 1 1.000000
15 0 1 1.000000
16 0 1 1.000000
17 0 1 1.000000
18 1 2 1.000000
19 1 0 1.000000
20 1 1 1.000000
21 1 0 0.422522
21 1 1 0.577478
22 1 1 1.000000
23 1 1 1.000000
24 1 1 1.000000
25 1 0 1.000000
26 1 2 1.000000
27 1 1 1.000000
28 1 0 1.000000
29 1 2 1.000000
30 1 2 1.000000
31 0 2 1.000000
32 1 2 1.000000
33 1 2 1.000000
34 1 2 1.000000
35 0 2 1.000000
36 0 2 1.000000
37 0 2 1.000000
38 0 2 1.000000
39 1 1 1.000000
40 1 0 1.000000
41 1 0 1.000000
42 1 0 1.000000
43 1 0 1.000000
44 1 0 1.000000
45 0 2 1.000000
46 1 2 1.000000
47 1 2 1.000000
48 1 2 1.000000
49 0 2 1.000000
50 1 2 1.000000
51 1 2 1.000000
52 1 2 1.000000
53 0 2 1.000000
54 0 2 1.000000
55 0 2 1.000000
56 1 2 1.000000
57 1 2 1.000000
58 0 2 1.000000
59 1 2 1.000000
60 1 0 1.000000
61 1 2 1.000000
62 1 2 1.000000
63 1 0 1.000000
64 1 2 1.000000
65 1 2 1.000000
66 1 2 1.000000
67 1 2 1.000000
68 1 2 1.000000
69 1 2 1.000000
70 1 2 1.000000
71 1 2 1.000000
72 1 2 1.000000
73 1 2 1.000000
74 1 2 1.000000
75 1 2 1.000000
76 1 2 1.000000
77 0 2 1.000000
79 1 2 1.000000
80 1 2 1.000000
81 1 1 1.000000
82 1 2 1.000000
83 1 2 1.000000
84 1 2 1.000000
85 1 2 1.000000
86 1 2 1.000000
87 1 2 1.000000
88 1 2 1.000000
89 1 2 1.000000
90 1 2 1.000000
91 1 2 1.000000
92 1 2 1.000000
93 1 2 1.000000
94 1 2 1.000000
95 0 0 0.350847
95 0 1 0.384173
95 0 2 0.264980
96 1 0 0.350847
96 1 1 0.384173
96 1 2 0.264980
97 1 2 1.000000
98 1 0 1.000000
99 1 2 1.000000
100 1 2 1.000000
101 1 0 1.000000
102 1 0 1.000000
103 1 2 1.000000
104 1 0 0.350847
104 1 1 0.384173
104 1 2 0.264980
105 1 2 1.000000
106 1 1 0.735020
106 1 2 0.264980
107 1 0 0.350847
107 1 1 0.384173
107 1 2 0.264980
108 1 0 0.350847
108 1 1 0.384173
108 1 2 0.264980
109 0 0 0.350847
109 0 1 0.384173
109 0 2 0.264980
110 1 0 0.350847
110 1 1 0.384173
110 1 2 0.264980
111 1 0 0.350847
111 1 1 0.384173
111 1 2 0.264980
112 1 0 0.350847
112 1 1 0.384173
112 1 2 0.264980
113 1 0 1.000000
114 0 0 0.350847
114 0 1 0.384173
114 0 2 0.264980
115 1 0 0.350847
115 1 1 0.384173
115 1 2 0.264980
116 0 0 0.350847
116 0 1 0.384173
116 0 2 0.264980
117 1 2 1.000000
118 1 1 0.735020
118 1 2 0.264980
119 1 0 0.350847
119 1 1 0.384173
119 1 2 0.264980
120 1 0 0.350847
120 1 1 0.384173
120 1 2 0.264980
121 0 0 0.350847
121 0 1 0.384173
121 0 2 0.264980
122 1 0 1.000000
123 1 2 1.000000
124 1 1 0.735020
124 1 2 0.264980
125 1 0 0.350847
125 1 1 0.384173
125 1 2 0.264980
126 1 0 0.350847
126 1 1 0.384173
126 1 2 0.264980
127 1 0 0.350847
127 1 1 0.384173
127 1 2 0.264980
128 1 0 1.000000
129 1 1 0.735020
129 1 2 0.264980
130 1 0 0.350847
130 1 1 0.384173
130 1 2 0.264980
131 1 0 0.350847
131 1 1 0.384173
131 1 2 0.264980
132 1 0 0.350847
132 1 1 0.384173
132 1 2 0.264980
133 1 0 1.000000
134 1 0 1.000000
135 1 1 0.735020
135 1 2 0.264980
136 1 0 0.350847
136 1 1 0.384173
136 1 2 0.264980
137 1 0 0.350847
137 1 1 0.384173
137 1 2 0.264980
138 1 0 0.350847
138 1 1 0.384173
138 1 2 0.264980
139 1 0 0.350847
139 1 1 0.384173
139 1 2 0.264980
140 1 0 0.350847
140 1 1 0.384173
140 1 2 0.264980
141 1 0 0.350847
141 1 1 0.384173
141 1 2 0.264980
142 1 0 0.350847
142 1 1 0.384173
142 1 2 0.264980
143 1 0 0.350847
143 1 1 0.384173
143 1 2 0.264980
144 1 0 0.350847
144 1 1 0.384173
144 1 2 0.264980
145 1 0 0.350847
145 1 1 0.384173
145 1 2 0.264980
146 0 0 0.350847
146 0 1 0.384173
146 0 2 0.264980
147 0 0 0.350847
147 0 1 0.384173
147 0 2 0.264980
148 1 0 0.350847
148 1 1 0.384173
148 1 2 0.264980
149 1 0 0.350847
149 1 1 0.384173
149 1 2 0.264980
150 0 0 0.350847
150 0 1 0.384173
150 0 2 0.264980
151 1 0 1.000000
152 1 0 0.350847
152 1 1 0.384173
152 1 2 0.264980
153 1 0 0.350847
153 1 1 0.384173
153 1 2 0.264980
154 1 0 0.350847
154 1 1 0.384173
154 1 2 0.264980
155 1 0 1.000000
156 1 0 1.000000
157 1 2 1.000000
158 1 1 0.735020
158 1 2 0.264980
159 1 0 0.350847
159 1 1 0.384173
159 1 2 0.264980
160 1 0 0.350847
160 1 1 0.384173
160 1 2 0.264980
161 1 0 0.350847
161 1 1 0.384173
161 1 2 0.264980
162 1 0 1.000000
163 1 0 1.000000
164 1 1 0.735020
164 1 2 0.264980
165 1 0 0.350847
165 1 1 0.384173
165 1 2 0.264980
166 1 0 0.350847
166 1 1 0.384173
166 1 2 0.264980
167 1 0 0.350847
167 1 1 0.384173
167 1 2 0.264980
168 1 0 0.350847
168 1 1 0.384173
168 1 2 0.264980
169 1 0 0.350847
169 1 1 0.384173
169 1 2 0.264980
170 1 0 0.350847
170 1 1 0.384173
170 1 2 0.264980
171 1 0 0.350847
171 1 1 0.384173
171 1 2 0.264980
172 1 0 0.350847
172 1 1 0.384173
172 1 2 0.264980
173 1 0 0.350847
173 1 1 0.384173
173 1 2 0.264980
174 1 0 0.350847
174 1 1 0.384173
174 1 2 0.264980
175 1 0 0.350847
175 1 1 0.384173
175 1 2 0.264980
176 1 0 0.350847
176 1 1 0.384173
176 1 2 0.264980
177 1 0 0.350847
177 1 1 0.384173
177 1 2 0.264980
178 1 0 0.350847
178 1 1 0.384173
178 1 2 0.264980
179 1 0 0.350847
179 1 1 0.384173
179 1 2 0.264980
180 1 0 0.350847
180 1 1 0.384173
180 1 2 0.264980
181 0 0 0.350847
181 0 1 0.384173
181 0 2 0.264980
182 0 0 0.350847
182 0 1 0.384173
182 0 2 0.264980
183 0 0 0.350847
183 0 1 0.384173
183 0 2 0.264980
184 0 0 0.350847
184 0 1 0.384173
184 0 2 0.264980
185 0 0 0.350847
185 0 1 0.384173
185 0 2 0.264980
186 0 0 0.350847
186 0 1 0.384173
186 0 2 0.264980
187 1 0 0.350847
187 1 1 0.384173
187 1 2 0.264980
188 1 0 0.350847
188 1 1 0.384173
188 1 2 0.264980
189 0 0 0.350847
189 0 1 0.384173
189 0 2 0.264980
190 0 0 0.350847
190 0 1 0.384173
190 0 2 0.264980
191 0 0 0.350847
191 0 1 0.384173
191 0 2 0.264980
192 0 0 0.350847
192 0 1 0.384173
192 0 2 0.264980
193 0 0 0.350847
193 0 1 0.384173
193 0 2 0.264980
194 0 0 0.350847
194 0 1 0.384173
194 0 2 0.264980
195 0 0 0.350847
195 0 1 0.384173
195 0 2 0.264980
196 0 0 0.350847
196 0 1 0.384173
196 0 2 0.264980
197 1 0 1.000000
198 1 0 0.350847
198 1 1 0.384173
198 1 2 0.264980
199 1 0 1.000000
200 1 0 1.000000
201 1 0 1.000000
202 1 0 0.350847
202 1 1 0.384173
202 1 2 0.264980
203 1 0 1.000000
204 1 0 1.000000
205 1 0 1.000000
206 1 1 0.735020
206 1 2 0.264980
207 1 0 0.350847
207 1 1 0.384173
207 1 2 0.264980
208 1 0 0.350847
208 1 1 0.384173
208 1 2 0.264980
209 1 0 0.350847
209 1 1 0.384173
209 1 2 0.264980
210 1 0 1.000000
211 1 0 1.000000
212 1 0 1.000000
213 1 1 0.735020
213 1 2 0.264980
214 1 0 0.350847
214 1 1 0.384173
214 1 2 0.264980
215 1 0 0.350847
215 1 1 0.384173
215 1 2 0.264980
216 1 0 0.350847
216 1 1 0.384173
216 1 2 0.264980
217 1 0 0.350847
217 1 1 0.384173
217 1 2 0.264980
218 1 0 0.350847
218 1 1 0.384173
218 1 2 0.264980
219 1 0 1.000000
220 1 1 0.735020
220 1 2 0.264980
221 1 0 0.350847
221 1 1 0.384173
221 1 2 0.264980
222 1 0 0.350847
222 1 1 0.384173
222 1 2 0.264980
223 1 0 0.350847
223 1 1 0.384173
223 1 2 0.264980
224 1 0 0.350847
224 1 1 0.384173
224 1 2 0.264980
225 1 0 0.350847
225 1 1 0.384173
225 1 2 0.264980
226 1 0 0.350847
226 1 1 0.384173
226 1 2 0.264980
227 1 0 0.350847
227 1 1 0.384173
227 1 2 0.264980
228 1 0 0.350847
228 1 1 0.384173
228 1 2 0.264980
229 1 0 0.350847
229 1 1 0.384173
229 1 2 0.264980
230 1 0 0.350847
230 1 1 0.384173
230 1 2 0.264980
231 1 0 0.350847
231 1 1 0.384173
231 1 2 0.264980
232 1 0 0.350847
232 1 1 0.384173
232 1 2 0.264980
233 1 0 0.350847
233 1 1 0.384173
233 1 2 0.264980
234 1 0 0.350847
234 1 1 0.384173
234 1 2 0.264980
235 0 0 0.350847
235 1 1 0.384173
235 1 2 0.264980
236 0 0 0.350847
236 0 1 0.384173
236 0 2 0.264980
237 0 0 0.350847
237 0 1 0.384173
237 0 2 0.264980
238 0 0 0.350847
238 0 1 0.384173
238 0 2 0.264980
239 0 0 0.350847
239 0 1 0.384173
239 0 2 0.264980
240 0 0 0.350847
240 0 1 0.384173
240 0 2 0.264980
241 0 0 0.350847
241 0 1 0.384173
241 0 2 0.264980
242 0 0 0.350847
242 0 1 0.384173
242 0 2 0.264980
243 0 0 0.350847
243 0 1 0.384173
243 0 2 0.264980
244 0 0 0.350847
244 0 1 0.384173
244 0 2 0.264980
245 0 0 0.350847
245 0 1 0.384173
245 0 2 0.264980
246 0 0 0.350847
246 0 1 0.384173
246 0 2 0.264980
247 0 0 0.350847
247 0 1 0.384173
247 0 2 0.264980
248 0 0 0.350847
248 0 1 0.384173
248 0 2 0.264980
249 0 0 0.350847
249 0 1 0.384173
249 0 2 0.264980
250 0 0 0.350847
250 0 1 0.384173
250 0 2 0.264980
251 0 0 0.350847
251 0 1 0.384173
251 0 2 0.264980
252 0 0 0.350847
252 0 1 0.384173
252 0 2 0.264980
253 0 0 0.350847
253 0 1 0.384173
253 0 2 0.264980
254 0 0 0.350847
254 0 1 0.384173
254 0 2 0.264980
255 0 0 0.350847
255 0 1 0.384173
255 0 2 0.264980
256 0 0 0.350847
256 0 1 0.384173
256 0 2 0.264980
257 0 0 0.350847
257 0 1 0.384173
257 0 2 0.264980
258 0 0 0.350847
258 0 1 0.384173
258 0 2 0.264980
259 0 0 0.350847
259 0 1 0.384173
259 0 2 0.264980
260 0 0 0.350847
260 0 1 0.384173
260 0 2 0.264980
261 0 0 0.350847
261 0 1 0.384173
261 0 2 0.264980
262 0 0 0.350847
262 0 1 0.384173
262 0 2 0.264980
263 0 0 0.350847
263 0 1 0.384173
263 0 2 0.264980
264 0 0 0.350847
264 0 1 0.384173
264 0 2 0.264980
265 0 0 0.350847
265 0 1 0.384173
265 0 2 0.264980
266 0 0 0.350847
266 0 1 0.384173
266 0 2 0.264980
267 0 0 0.350847
267 0 1 0.384173
267 0 2 0.264980
268 0 0 0.350847
268 0 1 0.384173
268 0 2 0.264980
269 0 0 0.350847
269 0 1 0.384173
269 0 2 0.264980
270 0 0 0.350847
270 0 1 0.384173
270 0 2 0.264980
271 1 0 0.350847
271 1 1 0.384173
271 1 2 0.264980
272 1 0 1.000000
273 1 0 1.000000
274 1 0 1.000000
275 1 0 0.350847
275 1 1 0.384173
275 1 2 0.264980
276 1 0 1.000000
277 1 0 1.000000
278 1 0 1.000000
279 1 0 0.350847
279 1 1 0.384173
279 1 2 0.264980
280 1 0 0.350847
280 1 1 0.384173
280 1 2 0.264980
281 1 0 0.350847
281 1 1 0.384173
281 1 2 0.264980
282 1 0 0.350847
282 1 1 0.384173
282 1 2 0.264980
283 1 0 1.000000
284 1 0 1.000000
285 1 0 1.000000
286 1 0 0.350847
286 1 1 0.384173
286 1 2 0.264980
287 1 0 0.350847
287 1 1 0.384173
287 1 2 0.264980
288 1 0 0.350847
288 1 1 0.384173
288 1 2 0.264980
289 1 0 0.350847
289 1 1 0.384173
289 1 2 0.264980
290 1 0 0.350847
290 1 1 0.384173
290 1 2 0.264980
291 1 0 0.350847
291 1 1 0.384173
291 1 2 0.264980
292 1 0 1.000000
293 1 1 0.735020
293 1 2 0.264980
294 1 0 0.350847
294 1 1 0.384173
294 1 2 0.264980
295 1 0 0.350847
295 1 1 0.384173
295 1 2 0.264980
296 1 0 0.350847
296 1 1 0.384173
296 1 2 0.264980
297 1 0 0.350847
297 1 1 0.384173
297 1 2 0.264980
298 1 0 0.350847
298 1 1 0.384173
298 1 2 0.264980
299 1 0 0.350847
299 1 1 0.384173
299 1 2 0.264980
300 1 0 0.350847
300 1 1 0.384173
300 1 2 0.264980
301 1 0 0.350847
301 1 1 0.384173
301 1 2 0.264980
302 1 1 0.735020
302 1 2 0.264980
303 1 0 0.350847
303 1 1 0.384173
303 1 2 0.264980
304 1 0 0.350847
304 1 1 0.384173
304 1 2 0.264980
305 1 0 0.350847
305 1 1 0.384173
305 1 2 0.264980
306 1 0 0.350847
306 1 1 0.384173
306 1 2 0.264980
307 1 0 0.350847
307 1 1 0.384173
307 1 2 0.264980
308 1 0 0.350847
308 1 1 0.384173
308 1 2 0.264980
309 1 0 0.350847
309 1 1 0.384173
309 1 2 0.264980
310 1 0 0.350847
310 1 1 0.384173
310 1 2 0.264980
311 1 0 0.350847
311 1 1 0.384173
311 1 2 0.264980
312 1 0 0.350847
312 1 1 0.384173
312 1 2 0.264980
313 1 0 0.350847
313 1 1 0.384173
313 1 2 0.264980
314 1 0 0.350847
314 1 1 0.384173
314 1 2 0.264980
315 1 0 0.350847
315 1 1 0.384173
315 1 2 0.264980
316 1 0 0.350847
316 1 1 0.384173
316 1 2 0.264980
317 1 0 0.350847
317 1 1 0.384173
317 1 2 0.264980
318 0 0 0.350847
318 0 1 0.384173
318 0 2 0.264980
319 0 0 0.350847
319 1 1 0.384173
319 1 2 0.264980
320 1 0 0.350847
320 1 1 0.384173
320 1 2 0.264980
321 1 0 0.350847
321 1 1 0.384173
321 1 2 0.264980
322 1 0 0.350847
322 1 1 0.384173
322 1 2 0.264980
323 1 0 0.350847
323 1 1 0.384173
323 1 2 0.264980
324 1 0 0.350847
324 1 1 0.384173
324 1 2 0.264980
325 0 0 0.350847
325 0 1 0.384173
325 0 2 0.264980
326 0 0 0.350847
326 0 1 0.384173
326 0 2 0.264980
327 0 0 0.350847
327 0 1 0.384173
327 0 2 0.264980
328 0 0 0.350847
328 0 1 0.384173
328 0 2 0.264980
329 0 0 0.350847
329 0 1 0.384173
329 0 2 0.264980
330 0 0 0.350847
330 0 1 0.384173
330 0 2 0.264980
331 0 0 0.350847
331 0 1 0.384173
331 0 2 0.264980
332 0 0 0.350847
332 0 1 0.384173
332 0 2 0.264980
333 0 0 0.350847
333 0 1 0.384173
333 0 2 0.264980
334 1 0 0.350847
334 1 1 0.384173
334 1 2 0.264980
335 1 0 0.350847
335 1 1 0.384173
335 1 2 0.264980
336 1 0 0.350847
336 1 1 0.384173
336 1 2 0.264980
337 1 0 0.350847
337 1 1 0.384173
337 1 2 0.264980
338 1 0 0.350847
338 1 1 0.384173
338 1 2 0.264980
339 0 0 0.350847
339 0 1 0.384173
339 0 2 0.264980
340 0 0 0.350847
340 0 1 0.384173
340 0 2 0.264980
341 0 0 0.350847
341 0 1 0.384173
341 0 2 0.264980
342 0 0 0.350847
342 0 1 0.384173
342 0 2 0.264980
343 0 0 0.350847
343 0 1 0.384173
343 0 2 0.264980
344 0 0 0.350847
344 0 1 0.384173
344 0 2 0.264980
345 0 0 0.350847
345 0 1 0.384173
345 0 2 0.264980
346 0 0 0.350847
346 0 1 0.384173
346 0 2 0.264980
347 1 0 0.350847
347 1 1 0.384173
347 1 2 0.264980
348 1 0 0.350847
348 1 1 0.384173
348 1 2 0.264980
349 1 0 0.350847
349 1 1 0.384173
349 1 2 0.264980
350 0 0 0.350847
350 0 1 0.384173
350 0 2 0.264980
351 0 0 0.350847
351 0 1 0.384173
351 0 2 0.264980
352 0 0 0.350847
352 0 1 0.384173
352 0 2 0.264980
353 0 0 0.350847
353 0 1 0.384173
353 0 2 0.264980
354 0 0 0.350847
354 0 1 0.384173
354 0 2 0.264980
355 0 0 0.350847
355 0 1 0.384173
355 0 2 0.264980
356 0 0 0.350847
356 0 1 0.384173
356 0 2 0.264980
357 0 0 0.350847
357 0 1 0.384173
357 0 2 0.264980
358 0 0 0.350847
358 0 1 0.384173
358 0 2 0.264980
359 0 0 0.350847
359 0 1 0.384173
359 0 2 0.264980
360 0 0 0.350847
360 0 1 0.384173
360 0 2 0.264980
361 0 0 0.350847
361 0 1 0.384173
361 0 2 0.264980
362 0 0 0.350847
362 0 1 0.384173
362 0 2 0.264980
363 0 0 0.350847
363 0 1 0.384173
363 0 2 0.264980
364 0 0 0.350847
364 0 1 0.384173
364 0 2 0.264980
365 0 0 0.350847
365 0 1 0.384173
365 0 2 0.264980
366 0 0 0.350847
366 0 1 0.384173
366 0 2 0.264980
367 0 0 0.350847
367 0 1 0.384173
367 0 2 0.264980
368 0 0 0.350847
368 0 1 0.384173
368 0 2 0.264980
369 0 0 0.350847
369 0 1 0.384173
369 0 2 0.264980
370 0 0 0.350847
370 0 1 0.384173
370 0 2 0.264980
371 0 0 0.350847
371 0 1 0.384173
371 0 2 0.264980
372 0 0 0.350847
372 0 1 0.384173
372 0 2 0.264980
373 0 0 0.350847
373 0 1 0.384173
373 0 2 0.264980
374 0 0 0.350847
374 0 1 0.384173
374 0 2 0.264980
375 1 0 1.000000
376 1 0 1.000000
377 1 0 0.350847
377 1 1 0.384173
377 1 2 0.264980
378 1 0 1.000000
379 1 0 1.000000
380 1 0 1.000000
381 1 0 0.350847
381 1 1 0.384173
381 1 2 0.264980
382 1 0 0.350847
382 1 1 0.384173
382 1 2 0.264980
383 1 0 0.350847
383 1 1 0.384173
383 1 2 0.264980
384 1 0 1.000000
385 1 0 1.000000
386 1 0 1.000000
387 1 0 0.350847
387 1 1 0.384173
387 1 2 0.264980
388 1 0 0.350847
388 1 1 0.384173
388 1 2 0.264980
389 1 0 0.350847
389 1 1 0.384173
389 1 2 0.264980
390 1 0 0.350847
390 1 1 0.384173
390 1 2 0.264980
391 1 0 0.350847
391 1 1 0.384173
391 1 2 0.264980
392 1 0 0.350847
392 1 1 0.384173
392 1 2 0.264980
393 1 0 1.000000
394 1 0 0.350847
394 1 1 0.384173
394 1 2 0.264980
395 1 0 0.350847
395 1 1 0.384173
395 1 2 0.264980
396 1 0 0.350847
396 1 1 0.384173
396 1 2 0.264980
397 1 0 0.350847
397 1 1 0.384173
397 1 2 0.264980
398 1 0 0.350847
398 1 1 0.384173
398 1 2 0.264980
399 1 0 0.350847
399 1 1 0.384173
399 1 2 0.264980
400 1 0 0.350847
400 1 1 0.384173
400 1 2 0.264980
401 1 0 0.350847
401 1 1 0.384173
401 1 2 0.264980
402 1 0 0.350847
402 1 1 0.384173
402 1 2 0.264980
403 1 1 0.735020
403 1 2 0.264980
404 1 0 0.350847
404 1 1 0.384173
404 1 2 0.264980
405 1 0 0.350847
405 1 1 0.384173
405 1 2 0.264980
406 1 0 0.350847
406 1 1 0.384173
406 1 2 0.264980
407 1 0 0.350847
407 1 1 0.384173
407 1 2 0.264980
408 1 0 0.350847
408 1 1 0.384173
408 1 2 0.264980
409 1 0 0.350847
409 1 1 0.384173
409 1 2 0.264980
410 1 0 0.350847
410 1 1 0.384173
410 1 2 0.264980
411 1 0 0.350847
411 1 1 0.384173
411 1 2 0.264980
412 1 0 0.350847
412 1 1 0.384173
412 1 2 0.264980
413 1 0 0.350847
413 1 1 0.384173
413 1 2 0.264980
414 1 0 0.350847
414 1 1 0.384173
414 1 2 0.264980
415 1 1 0.735020
415 1 2 0.264980
416 1 0 0.350847
416 1 1 0.384173
416 1 2 0.264980
417 1 0 0.350847
417 1 1 0.384173
417 1 2 0.264980
418 1 0 0.350847
418 1 1 0.384173
418 1 2 0.264980
419 1 0 0.350847
419 1 1 0.384173
419 1 2 0.264980
420 1 0 0.350847
420 1 1 0.384173
420 1 2 0.264980
421 1 0 0.350847
421 1 1 0.384173
421 1 2 0.264980
422 1 0 0.350847
422 1 1 0.384173
422 1 2 0.264980
423 1 0 0.350847
423 1 1 0.384173
423 1 2 0.264980
424 1 0 0.350847
424 1 1 0.384173
424 1 2 0.264980
425 1 0 0.350847
425 1 1 0.384173
425 1 2 0.264980
426 1 0 0.350847
426 1 1 0.384173
426 1 2 0.264980
427 0 0 0.350847
427 0 1 0.384173
427 0 2 0.264980
428 0 0 0.350847
428 0 1 0.384173
428 0 2 0.264980
429 0 0 0.350847
429 0 1 0.384173
429 0 2 0.264980
430 0 0 0.350847
430 0 1 0.384173
430 0 2 0.264980
431 1 0 0.350847
431 1 1 0.384173
431 1 2 0.264980
432 1 0 0.350847
432 1 1 0.384173
432 1 2 0.264980
433 1 0 0.350847
433 1 1 0.384173
433 1 2 0.264980
434 0 0 0.350847
434 0 1 0.384173
434 0 2 0.264980
435 1 0 0.350847
435 1 1 0.384173
435 1 2 0.264980
436 0 0 0.350847
436 0 1 0.384173
436 0 2 0.264980
437 0 0 0.350847
437 0 1 0.384173
437 0 2 0.264980
438 0 0 0.350847
438 0 1 0.384173
438 0 2 0.264980
439 0 0 0.350847
439 0 1 0.384173
439 0 2 0.264980
440 0 0 0.350847
440 0 1 0.384173
440 0 2 0.264980
441 0 0 0.350847
441 0 1 0.384173
441 0 2 0.264980
442 0 0 0.350847
442 0 1 0.384173
442 0 2 0.264980
443 0 0 0.350847
443 0 1 0.384173
443 0 2 0.264980
444 0 0 0.350847
444 0 1 0.384173
444 0 2 0.264980
445 0 0 0.350847
445 0 1 0.384173
445 0 2 0.264980
446 0 0 0.350847
446 1 1 0.384173
446 1 2 0.264980
447 1 0 0.350847
447 1 1 0.384173
447 1 2 0.264980
448 0 0 0.350847
448 0 1 0.384173
448 0 2 0.264980
449 0 0 0.350847
449 0 1 0.384173
449 0 2 0.264980
450 0 0 0.350847
450 0 1 0.384173
450 0 2 0.264980
451 0 0 0.350847
451 0 1 0.384173
451 0 2 0.264980
452 0 0 0.350847
452 0 1 0.384173
452 0 2 0.264980
453 0 0 0.350847
453 0 1 0.384173
453 0 2 0.264980
454 0 0 0.350847
454 0 1 0.384173
454 0 2 0.264980
455 0 0 0.350847
455 0 1 0.384173
455 0 2 0.264980
456 0 0 0.350847
456 0 1 0.384173
456 0 2 0.264980
457 0 0 0.350847
457 0 1 0.384173
457 0 2 0.264980
458 0 0 0.350847
458 0 1 0.384173
458 0 2 0.264980
459 0 0 0.350847
459 0 1 0.384173
459 0 2 0.264980
460 0 0 0.350847
460 0 1 0.384173
460 0 2 0.264980
461 0 0 0.350847
461 0 1 0.384173
461 0 2 0.264980
462 0 0 0.350847
462 0 1 0.384173
462 0 2 0.264980
463 0 0 0.350847
463 0 1 0.384173
463 0 2 0.264980
464 0 0 0.350847
464 0 1 0.384173
464 0 2 0.264980
465 1 0 0.350847
465 1 1 0.384173
465 1 2 0.264980
466 1 0 0.350847
466 1 1 0.384173
466 1 2 0.264980
467 1 0 0.350847
467 1 1 0.384173
467 1 2 0.264980
468 1 0 0.350847
468 1 1 0.384173
468 1 2 0.264980
469 0 0 0.350847
469 0 1 0.384173
469 0 2 0.264980
470 0 0 0.350847
470 0 1 0.384173
470 0 2 0.264980
471 0 0 0.350847
471 0 1 0.384173
471 0 2 0.264980
472 0 0 0.350847
472 0 1 0.384173
472 0 2 0.264980
473 0 0 0.350847
473 0 1 0.384173
473 0 2 0.264980
474 0 0 0.350847
474 0 1 0.384173
474 0 2 0.264980
475 0 0 0.350847
475 0 1 0.384173
475 0 2 0.264980
476 0 0 0.350847
476 0 1 0.384173
476 0 2 0.264980
477 0 0 0.350847
477 0 1 0.384173
477 0 2 0.264980
478 1 0 0.350847
478 1 1 0.384173
478 1 2 0.264980
479 1 0 0.350847
479 1 1 0.384173
479 1 2 0.264980
480 1 0 0.350847
480 1 1 0.384173
480 1 2 0.264980
481 0 0 0.350847
481 0 1 0.384173
481 0 2 0.264980
482 0 0 0.350847
482 0 1 0.384173
482 0 2 0.264980
483 0 0 0.350847
483 0 1 0.384173
483 0 2 0.264980
484 0 0 0.350847
484 0 1 0.384173
484 0 2 0.264980
485 0 0 0.350847
485 0 1 0.384173
485 0 2 0.264980
486 0 0 0.350847
486 0 1 0.384173
486 0 2 0.264980
487 0 0 0.350847
487 0 1 0.384173
487 0 2 0.264980
488 0 0 0.350847
488 0 1 0.384173
488 0 2 0.264980
489 0 0 0.350847
489 0 1 0.384173
489 0 2 0.264980
490 0 0 0.350847
490 0 1 0.384173
490 0 2 0.264980
491 0 0 0.350847
491 0 1 0.384173
491 0 2 0.264980
492 0 0 0.350847
492 0 1 0.384173
492 0 2 0.264980
493 0 0 0.350847
493 0 1 0.384173
493 0 2 0.264980
494 0 0 0.350847
494 0 1 0.384173
494 0 2 0.264980
495 0 0 0.350847
495 0 1 0.384173
495 0 2 0.264980
496 0 0 0.350847
496 0 1 0.384173
496 0 2 0.264980
497 0 0 0.350847
497 0 1 0.384173
497 0 2 0.264980
498 0 0 0.350847
498 0 1 0.384173
498 0 2 0.264980
499 0 0 0.350847
499 0 1 0.384173
499 0 2 0.264980
500 0 0 0.350847
500 0 1 0.384173
500 0 2 0.264980
501 0 0 0.350847
501 0 1 0.384173
501 0 2 0.264980
502 1 0 0.350847
502 1 1 0.384173
502 1 2 0.264980
503 1 0 1.000000
504 1 0 1.000000
505 1 0 1.000000
506 1 0 0.350847
506 1 1 0.384173
506 1 2 0.264980
507 1 0 0.350847
507 1 1 0.384173
507 1 2 0.264980
508 1 0 1.000000
509 1 0 1.000000
510 1 0 1.000000
511 1 0 0.350847
511 1 1 0.384173
511 1 2 0.264980
512 1 0 0.350847
512 1 1 0.384173
512 1 2 0.264980
513 1 0 0.350847
513 1 1 0.384173
513 1 2 0.264980
514 1 0 1.000000
515 1 0 1.000000
516 1 0 0.350847
516 1 1 0.384173
516 1 2 0.264980
517 1 0 0.350847
517 1 1 0.384173
517 1 2 0.264980
518 1 0 0.350847
518 1 1 0.384173
518 1 2 0.264980
519 1 0 0.350847
519 1 1 0.384173
519 1 2 0.264980
520 1 0 0.350847
520 1 1 0.384173
520 1 2 0.264980
521 1 0 0.350847
521 1 1 0.384173
521 1 2 0.264980
522 1 0 0.350847
522 1 1 0.384173
522 1 2 0.264980
523 1 0 0.350847
523 1 1 0.384173
523 1 2 0.264980
524 1 0 0.350847
524 1 1 0.384173
524 1 2 0.264980
525 1 1 0.735020
525 1 2 0.264980
526 1 0 0.350847
526 1 1 0.384173
526 1 2 0.264980
527 1 0 0.350847
527 1 1 0.384173
527 1 2 0.264980
528 1 0 0.350847
528 1 1 0.384173
528 1 2 0.264980
529 1 0 0.350847
529 1 1 0.384173
529 1 2 0.264980
530 1 0 0.350847
530 1 1 0.384173
530 1 2 0.264980
531 1 0 0.350847
531 1 1 0.384173
531 1 2 0.264980
532 1 0 0.350847
532 1 1 0.384173
532 1 2 0.264980
533 1 0 0.350847
533 1 1 0.384173
533 1 2 0.264980
534 1 0 0.350847
534 1 1 0.384173
534 1 2 0.264980
535 1 0 0.350847
535 1 1 0.384173
535 1 2 0.264980
536 1 0 0.350847
536 1 1 0.384173
536 1 2 0.264980
537 1 0 0.350847
537 1 1 0.384173
537 1 2 0.264980
538 1 0 0.350847
538 1 1 0.384173
538 1 2 0.264980
539 1 2 1.000000
540 1 0 0.350847
540 1 1 0.384173
540 1 2 0.264980
541 1 0 0.350847
541 1 1 0.384173
541 1 2 0.264980
542 1 0 0.350847
542 1 1 0.384173
542 1 2 0.264980
543 1 0 0.350847
543 1 1 0.384173
543 1 2 0.264980
544 1 0 0.350847
544 1 1 0.384173
544 1 2 0.264980
545 1 0 0.350847
545 1 1 0.384173
545 1 2 0.264980
546 1 0 0.350847
546 1 1 0.384173
546 1 2 0.264980
547 1 0 0.350847
547 1 1 0.384173
547 1 2 0.264980
548 1 0 0.350847
548 1 1 0.384173
548 1 2 0.264980
549 1 0 0.350847
549 1 1 0.384173
549 1 2 0.264980
550 1 0 0.350847
550 1 1 0.384173
550 1 2 0.264980
551 1 0 0.350847
551 1 1 0.384173
551 1 2 0.264980
552 0 0 0.350847
552 0 1 0.384173
552 0 2 0.264980
553 0 0 0.350847
553 0 1 0.384173
553 0 2 0.264980
554 0 0 0.350847
554 0 1 0.384173
554 0 2 0.264980
555 0 0 0.350847
555 0 1 0.384173
555 0 2 0.264980
556 0 0 0.350847
556 0 1 0.384173
556 0 2 0.264980
557 1 2 1.000000
558 1 0 0.350847
558 1 1 0.384173
558 1 2 0.264980
559 1 0 0.350847
559 1 1 0.384173
559 1 2 0.264980
560 1 0 0.350847
560 1 1 0.384173
560 1 2 0.264980
561 1 0 0.350847
561 1 1 0.384173
561 1 2 0.264980
562 1 0 0.350847
562 1 1 0.384173
562 1 2 0.264980
563 1 0 0.350847
563 1 1 0.384173
563 1 2 0.264980
564 1 0 0.350847
564 1 1 0.384173
564 1 2 0.264980
565 1 0 0.350847
565 1 1 0.384173
565 1 2 0.264980
566 0 0 0.350847
566 0 1 0.384173
566 0 2 0.264980
567 0 0 0.350847
567 0 1 0.384173
567 0 2 0.264980
568 0 0 0.350847
568 0 1 0.384173
568 0 2 0.264980
569 0 0 0.350847
569 0 1 0.384173
569 0 2 0.264980
570 0 0 0.350847
570 0 1 0.384173
570 0 2 0.264980
571 0 0 0.350847
571 0 1 0.384173
571 0 2 0.264980
572 0 0 0.350847
572 0 1 0.384173
572 0 2 0.264980
573 0 0 0.350847
573 0 1 0.384173
573 0 2 0.264980
574 0 0 0.350847
574 1 1 0.384173
574 1 2 0.264980
575 1 0 0.350847
575 1 1 0.384173
575 1 2 0.264980
576 1 0 0.350847
576 1 1 0.384173
576 1 2 0.264980
577 1 0 0.350847
577 1 1 0.384173
577 1 2 0.264980
578 1 0 0.350847
578 1 1 0.384173
578 1 2 0.264980
579 1 0 0.350847
579 1 1 0.384173
579 1 2 0.264980
580 1 0 0.350847
580 1 1 0.384173
580 1 2 0.264980
581 1 0 0.350847
581 1 1 0.384173
581 1 2 0.264980
582 1 0 0.350847
582 1 1 0.384173
582 1 2 0.264980
583 1 0 0.350847
583 1 1 0.384173
583 1 2 0.264980
584 0 0 0.350847
584 0 1 0.384173
584 0 2 0.264980
585 0 0 0.350847
585 0 1 0.384173
585 0 2 0.264980
586 0 0 0.350847
586 0 1 0.384173
586 0 2 0.264980
587 0 0 0.350847
587 0 1 0.384173
587 0 2 0.264980
588 0 0 0.350847
588 0 1 0.384173
588 0 2 0.264980
589 0 0 0.350847
589 0 1 0.384173
589 0 2 0.264980
590 0 0 0.350847
590 0 1 0.384173
590 0 2 0.264980
591 0 0 0.350847
591 0 1 0.384173
591 0 2 0.264980
592 0 0 0.350847
592 0 1 0.384173
592 0 2 0.264980
593 0 0 0.350847
593 0 1 0.384173
593 0 2 0.264980
594 0 0 0.350847
594 0 1 0.384173
594 0 2 0.264980
595 0 0 0.350847
595 0 1 0.384173
595 0 2 0.264980
596 1 0 0.350847
596 1 1 0.384173
596 1 2 0.264980
597 1 0 0.350847
597 1 1 0.384173
597 1 2 0.264980
598 0 0 0.350847
598 0 1 0.384173
598 0 2 0.264980
599 0 0 0.350847
599 0 1 0.384173
599 0 2 0.264980
600 1 0 0.350847
600 1 1 0.384173
600 1 2 0.264980
601 1 0 0.350847
601 1 1 0.384173
601 1 2 0.264980
602 1 0 0.350847
602 1 1 0.384173
602 1 2 0.264980
603 1 0 0.350847
603 1 1 0.384173
603 1 2 0.264980
604 1 0 0.350847
604 1 1 0.384173
604 1 2 0.264980
605 0 0 0.350847
605 0 1 0.384173
605 0 2 0.264980
606 0 0 0.350847
606 0 1 0.384173
606 0 2 0.264980
607 0 0 0.350847
607 0 1 0.384173
607 0 2 0.264980
608 0 0 0.350847
608 0 1 0.384173
608 0 2 0.264980
609 0 0 0.350847
609 0 1 0.384173
609 0 2 0.264980
610 0 0 0.350847
610 0 1 0.384173
610 0 2 0.264980
611 0 0 0.350847
611 0 1 0.384173
611 0 2 0.264980
612 0 0 0.350847
612 0 1 0.384173
612 0 2 0.264980
613 0 0 0.350847
613 0 1 0.384173
613 0 2 0.264980
614 0 0 0.350847
614 0 1 0.384173
614 0 2 0.264980
615 1 0 0.350847
615 1 1 0.384173
615 1 2 0.264980
616 1 0 0.350847
616 1 1 0.384173
616 1 2 0.264980
617 1 0 0.350847
617 1 1 0.384173
617 1 2 0.264980
618 1 0 0.350847
618 1 1 0.384173
618 1 2 0.264980
619 0 0 0.350847
619 0 1 0.384173
619 0 2 0.264980
620 0 0 0.350847
620 0 1 0.384173
620 0 2 0.264980
621 0 0 0.350847
621 0 1 0.384173
621 0 2 0.264980
622 0 0 0.350847
622 0 1 0.384173
622 0 2 0.264980
623 0 0 0.350847
623 0 1 0.384173
623 0 2 0.264980
624 0 0 0.350847
624 0 1 0.384173
624 0 2 0.264980
625 0 0 0.350847
625 0 1 0.384173
625 0 2 0.264980
626 0 0 0.350847
626 0 1 0.384173
626 0 2 0.264980
627 0 0 0.350847
627 0 1 0.384173
627 0 2 0.264980
628 0 0 0.350847
628 0 1 0.384173
628 0 2 0.264980
629 0 0 0.350847
629 0 1 0.384173
629 0 2 0.264980
630 0 0 0.350847
630 0 1 0.384173
630 0 2 0.264980
631 0 0 0.350847
631 0 1 0.384173
631 0 2 0.264980
632 0 0 0.350847
632 0 1 0.384173
632 0 2 0.264980
633 0 0 0.350847
633 0 1 0.384173
633 0 2 0.264980
634 0 0 0.350847
634 0 1 0.384173
634 0 2 0.264980
635 0 0 0.350847
635 0 1 0.384173
635 0 2 0.264980
636 0 0 0.350847
636 0 1 0.384173
636 0 2 0.264980
637 0 0 0.350847
637 0 1 0.384173
637 0 2 0.264980
638 0 0 0.350847
638 0 1 0.384173
638 0 2 0.264980
639 0 0 0.350847
639 0 1 0.384173
639 0 2 0.264980
640 0 0 0.350847
640 0 1 0.384173
640 0 2 0.264980
641 1 0 1.000000
642 1 0 1.000000
643 1 0 1.000000
644 1 0 1.000000
645 1 0 0.350847
645 1 1 0.384173
645 1 2 0.264980
646 1 0 0.350847
646 1 1 0.384173
646 1 2 0.264980
647 1 0 1.000000
648 1 0 1.000000
649 1 0 1.000000
650 1 0 0.350847
650 1 1 0.384173
650 1 2 0.264980
651 1 0 0.350847
651 1 1 0.384173
651 1 2 0.264980
652 1 0 0.350847
652 1 1 0.384173
652 1 2 0.264980
653 1 0 0.350847
653 1 1 0.384173
653 1 2 0.264980
654 1 0 1.000000
655 1 0 0.350847
655 1 1 0.384173
655 1 2 0.264980
656 1 0 0.350847
656 1 1 0.384173
656 1 2 0.264980
657 1 0 0.350847
657 1 1 0.384173
657 1 2 0.264980
658 1 0 0.350847
658 1 1 0.384173
658 1 2 0.264980
659 1 0 0.350847
659 1 1 0.384173
659 1 2 0.264980
660 1 0 0.350847
660 1 1 0.384173
660 1 2 0.264980
661 1 0 0.350847
661 1 1 0.384173
661 1 2 0.264980
662 1 1 0.735020
662 1 2 0.264980
663 1 0 0.350847
663 1 1 0.384173
663 1 2 0.264980
664 0 0 0.350847
664 0 1 0.384173
664 0 2 0.264980
665 1 0 0.350847
665 1 1 0.384173
665 1 2 0.264980
666 1 0 0.350847
666 1 1 0.384173
666 1 2 0.264980
667 1 0 0.350847
667 1 1 0.384173
667 1 2 0.264980
668 1 0 0.350847
668 1 1 0.384173
668 1 2 0.264980
669 1 0 0.350847
669 1 1 0.384173
669 1 2 0.264980
670 1 0 0.350847
670 1 1 0.384173
670 1 2 0.264980
671 1 0 0.350847
671 1 1 0.384173
671 1 2 0.264980
672 1 0 0.350847
672 1 1 0.384173
672 1 2 0.264980
673 1 0 0.350847
673 1 1 0.384173
673 1 2 0.264980
674 1 0 0.350847
674 1 1 0.384173
674 1 2 0.264980
675 1 2 1.000000
676 1 1 0.735020
676 1 2 0.264980
677 1 0 0.350847
677 1 1 0.384173
677 1 2 0.264980
678 1 0 0.350847
678 1 1 0.384173
678 1 2 0.264980
679 1 0 0.350847
679 1 1 0.384173
679 1 2 0.264980
680 1 0 0.350847
680 1 1 0.384173
680 1 2 0.264980
681 1 0 0.350847
681 1 1 0.384173
681 1 2 0.264980
682 1 0 0.350847
682 1 1 0.384173
682 1 2 0.264980
683 1 0 0.350847
683 1 1 0.384173
683 1 2 0.264980
684 1 0 0.350847
684 1 1 0.384173
684 1 2 0.264980
685 1 0 0.350847
685 1 1 0.384173
685 1 2 0.264980
686 1 0 0.350847
686 1 1 0.384173
686 1 2 0.264980
687 0 0 0.350847
687 0 1 0.384173
687 0 2 0.264980
688 0 0 0.350847
688 0 1 0.384173
688 0 2 0.264980
689 0 0 0.350847
689 0 1 0.384173
689 0 2 0.264980
690 0 0 0.350847
690 0 1 0.384173
690 0 2 0.264980
691 0 0 0.350847
691 0 1 0.384173
691 0 2 0.264980
692 0 0 0.350847
692 0 1 0.384173
692 0 2 0.264980
693 1 1 0.735020
693 1 2 0.264980
694 1 0 0.350847
694 1 1 0.384173
694 1 2 0.264980
695 1 0 0.350847
695 1 1 0.384173
695 1 2 0.264980
696 1 0 0.350847
696 1 1 0.384173
696 1 2 0.264980
697 1 0 0.350847
697 1 1 0.384173
697 1 2 0.264980
698 1 0 0.350847
698 1 1 0.384173
698 1 2 0.264980
699 1 0 0.350847
699 1 1 0.384173
699 1 2 0.264980
700 1 0 0.350847
700 1 1 0.384173
700 1 2 0.264980
701 1 0 0.350847
701 1 1 0.384173
701 1 2 0.264980
702 1 0 0.350847
702 1 1 0.384173
702 1 2 0.264980
703 1 0 0.350847
703 1 1 0.384173
703 1 2 0.264980
704 0 0 0.350847
704 0 1 0.384173
704 0 2 0.264980
705 0 0 0.350847
705 0 1 0.384173
705 0 2 0.264980
706 0 0 0.350847
706 0 1 0.384173
706 0 2 0.264980
707 0 0 0.350847
707 0 1 0.384173
707 0 2 0.264980
708 0 0 0.350847
708 0 1 0.384173
708 0 2 0.264980
709 0 0 0.350847
709 0 1 0.384173
709 0 2 0.264980
710 0 0 0.350847
710 0 1 0.384173
710 0 2 0.264980
711 1 1 0.735020
711 1 2 0.264980
712 1 0 0.350847
712 1 1 0.384173
712 1 2 0.264980
713 1 0 0.350847
713 1 1 0.384173
713 1 2 0.264980
714 1 0 0.350847
714 1 1 0.384173
714 1 2 0.264980
715 1 0 0.350847
715 1 1 0.384173
715 1 2 0.264980
716 1 0 0.350847
716 1 1 0.384173
716 1 2 0.264980
717 1 0 0.350847
717 1 1 0.384173
717 1 2 0.264980
718 1 0 0.350847
718 1 1 0.384173
718 1 2 0.264980
719 1 0 0.350847
719 1 1 0.384173
719 1 2 0.264980
720 1 0 0.350847
720 1 1 0.384173
720 1 2 0.264980
721 1 0 0.350847
721 1 1 0.384173
721 1 2 0.264980
722 0 0 0.350847
722 0 1 0.384173
722 0 2 0.264980
723 0 0 0.350847
723 0 1 0.384173
723 0 2 0.264980
724 0 0 0.350847
724 0 1 0.384173
724 0 2 0.264980
725 0 0 0.350847
725 0 1 0.384173
725 0 2 0.264980
726 0 0 0.350847
726 0 1 0.384173
726 0 2 0.264980
727 0 0 0.350847
727 0 1 0.384173
727 0 2 0.264980
728 0 0 0.350847
728 0 1 0.384173
728 0 2 0.264980
729 0 0 0.350847
729 0 1 0.384173
729 0 2 0.264980
730 0 0 0.350847
730 0 1 0.384173
730 0 2 0.264980
731 0 0 0.350847
731 0 1 0.384173
731 0 2 0.264980
732 0 0 0.350847
732 0 1 0.384173
732 0 2 0.264980
733 1 0 0.350847
733 1 1 0.384173
733 1 2 0.264980
734 1 0 0.350847
734 1 1 0.384173
734 1 2 0.264980
735 1 0 0.350847
735 1 1 0.384173
735 1 2 0.264980
736 1 0 0.350847
736 1 1 0.384173
736 1 2 0.264980
737 1 0 0.350847
737 1 1 0.384173
737 1 2 0.264980
738 1 0 0.350847
738 1 1 0.384173
738 1 2 0.264980
739 1 0 0.350847
739 1 1 0.384173
739 1 2 0.264980
740 1 0 0.350847
740 1 1 0.384173
740 1 2 0.264980
741 1 0 0.350847
741 1 1 0.384173
741 1 2 0.264980
742 0 0 0.350847
742 0 1 0.384173
742 0 2 0.264980
743 0 0 0.350847
743 0 1 0.384173
743 0 2 0.264980
744 0 0 0.350847
744 0 1 0.384173
744 0 2 0.264980
745 0 0 0.350847
745 0 1 0.384173
745 0 2 0.264980
746 0 0 0.350847
746 0 1 0.384173
746 0 2 0.264980
747 0 0 0.350847
747 0 1 0.384173
747 0 2 0.264980
748 0 0 0.350847
748 0 1 0.384173
748 0 2 0.264980
749 0 0 0.350847
749 0 1 0.384173
749 0 2 0.264980
750 0 0 0.350847
750 0 1 0.384173
750 0 2 0.264980
751 0 0 0.350847
751 0 1 0.384173
751 0 2 0.264980
752 1 0 0.350847
752 1 1 0.384173
752 1 2 0.264980
753 1 0 0.350847
753 1 1 0.384173
753 1 2 0.264980
754 1 0 0.350847
754 1 1 0.384173
754 1 2 0.264980
755 0 0 0.350847
755 0 1 0.384173
755 0 2 0.264980
756 0 0 0.350847
756 0 1 0.384173
756 0 2 0.264980
757 0 0 0.350847
757 0 1 0.384173
757 0 2 0.264980
758 0 0 0.350847
758 0 1 0.384173
758 0 2 0.264980
759 0 0 0.350847
759 0 1 0.384173
759 0 2 0.264980
760 0 0 0.350847
760 0 1 0.384173
760 0 2 0.264980
761 0 0 0.350847
761 0 1 0.384173
761 0 2 0.264980
762 0 0 0.350847
762 0 1 0.384173
762 0 2 0.264980
763 0 0 0.350847
763 0 1 0.384173
763 0 2 0.264980
764 0 0 0.350847
764 0 1 0.384173
764 0 2 0.264980
765 0 0 0.350847
765 0 1 0.384173
765 0 2 0.264980
766 0 0 0.350847
766 0 1 0.384173
766 0 2 0.264980
767 0 0 0.350847
767 0 1 0.384173
767 0 2 0.264980
768 0 0 0.350847
768 0 1 0.384173
768 0 2 0.264980
769 0 0 0.350847
769 0 1 0.384173
769 0 2 0.264980
770 0 0 0.350847
770 0 1 0.384173
770 0 2 0.264980
771 0 0 0.350847
771 0 1 0.384173
771 0 2 0.264980
772 0 0 0.350847
772 0 1 0.384173
772 0 2 0.264980
773 0 0 0.350847
773 0 1 0.384173
773 0 2 0.264980
774 0 0 0.350847
774 0 1 0.384173
774 0 2 0.264980
775 0 0 0.350847
775 0 1 0.384173
775 0 2 0.264980
776 0 0 0.350847
776 0 1 0.384173
776 0 2 0.264980
777 0 0 0.350847
777 0 1 0.384173
777 0 2 0.264980
778 0 0 0.350847
778 0 1 0.384173
778 0 2 0.264980
779 0 0 0.350847
779 0 1 0.384173
779 0 2 0.264980
780 0 0 0.350847
780 0 1 0.384173
780 0 2 0.264980
781 0 0 0.350847
781 0 1 0.384173
781 0 2 0.264980
782 0 0 1.000000
783 1 0 0.350847
783 1 1 0.384173
783 1 2 0.264980
784 1 0 1.000000
785 1 0 1.000000
786 1 0 1.000000
787 1 0 0.350847
787 1 1 0.384173
787 1 2 0.264980
788 1 0 0.350847
788 1 1 0.384173
788 1 2 0.264980
789 1 0 0.350847
789 1 1 0.384173
789 1 2 0.264980
790 1 0 1.000000
791 1 0 0.350847
791 1 1 0.384173
791 1 2 0.264980
792 1 0 0.350847
792 1 1 0.384173
792 1 2 0.264980
793 1 0 0.350847
793 1 1 0.384173
793 1 2 0.264980
794 1 0 0.350847
794 1 1 0.384173
794 1 2 0.264980
795 1 0 0.350847
795 1 1 0.384173
795 1 2 0.264980
796 1 0 0.350847
796 1 1 0.384173
796 1 2 0.264980
797 1 0 0.350847
797 1 1 0.384173
797 1 2 0.264980
798 1 0 0.350847
798 1 1 0.384173
798 1 2 0.264980
799 1 0 0.350847
799 1 1 0.384173
799 1 2 0.264980
800 0 0 0.350847
800 0 1 0.384173
800 0 2 0.264980
801 1 0 0.350847
801 1 1 0.384173
801 1 2 0.264980
802 1 0 0.350847
802 1 1 0.384173
802 1 2 0.264980
803 1 0 0.350847
803 1 1 0.384173
803 1 2 0.264980
804 1 0 0.350847
804 1 1 0.384173
804 1 2 0.264980
805 1 0 0.350847
805 1 1 0.384173
805 1 2 0.264980
806 1 0 0.350847
806 1 1 0.384173
806 1 2 0.264980
807 1 0 0.350847
807 1 1 0.384173
807 1 2 0.264980
808 1 0 0.350847
808 1 1 0.384173
808 1 2 0.264980
809 1 0 0.350847
809 1 1 0.384173
809 1 2 0.264980
810 1 0 0.350847
810 1 1 0.384173
810 1 2 0.264980
811 1 0 0.350847
811 1 1 0.384173
811 1 2 0.264980
812 1 0 0.350847
812 1 1 0.384173
812 1 2 0.264980
813 1 0 0.350847
813 1 1 0.384173
813 1 2 0.264980
814 1 0 0.350847
814 1 1 0.384173
814 1 2 0.264980
815 1 0 0.350847
815 1 1 0.384173
815 1 2 0.264980
816 1 0 0.350847
816 1 1 0.384173
816 1 2 0.264980
817 0 0 0.350847
817 0 1 0.384173
817 0 2 0.264980
818 1 0 0.350847
818 1 1 0.384173
818 1 2 0.264980
819 1 0 0.350847
819 1 1 0.384173
819 1 2 0.264980
820 0 0 0.350847
820 0 1 0.384173
820 0 2 0.264980
821 1 0 0.350847
821 1 1 0.384173
821 1 2 0.264980
822 1 0 0.350847
822 1 1 0.384173
822 1 2 0.264980
823 1 0 0.350847
823 1 1 0.384173
823 1 2 0.264980
824 1 0 0.350847
824 1 1 0.384173
824 1 2 0.264980
825 1 0 0.350847
825 1 1 0.384173
825 1 2 0.264980
826 1 0 0.350847
826 1 1 0.384173
826 1 2 0.264980
827 1 0 0.350847
827 1 1 0.384173
827 1 2 0.264980
828 1 0 0.350847
828 1 1 0.384173
828 1 2 0.264980
829 1 0 0.350847
829 1 1 0.384173
829 1 2 0.264980
830 0 0 0.350847
830 0 1 0.384173
830 0 2 0.264980
831 0 0 0.350847
831 0 1 0.384173
831 0 2 0.264980
832 0 0 0.350847
832 0 1 0.384173
832 0 2 0.264980
833 1 0 0.350847
833 1 1 0.384173
833 1 2 0.264980
834 1 0 0.350847
834 1 1 0.384173
834 1 2 0.264980
835 0 0 0.350847
835 0 1 0.384173
835 0 2 0.264980
836 0 0 0.350847
836 0 1 0.384173
836 0 2 0.264980
837 0 0 0.350847
837 0 1 0.384173
837 0 2 0.264980
838 0 0 0.350847
838 0 1 0.384173
838 0 2 0.264980
839 1 0 0.350847
839 1 1 0.384173
839 1 2 0.264980
840 1 0 0.350847
840 1 1 0.384173
840 1 2 0.264980
841 1 0 0.350847
841 1 1 0.384173
841 1 2 0.264980
842 1 0 0.350847
842 1 1 0.384173
842 1 2 0.264980
843 1 0 0.350847
843 1 1 0.384173
843 1 2 0.264980
844 1 0 0.350847
844 1 1 0.384173
844 1 2 0.264980
845 1 0 0.350847
845 1 1 0.384173
845 1 2 0.264980
846 1 0 0.350847
846 1 1 0.384173
846 1 2 0.264980
847 1 0 0.350847
847 1 1 0.384173
847 1 2 0.264980
848 0 0 0.350847
848 0 1 0.384173
848 0 2 0.264980
849 0 0 0.350847
849 0 1 0.384173
849 0 2 0.264980
850 1 0 0.350847
850 1 1 0.384173
850 1 2 0.264980
851 1 0 0.350847
851 1 1 0.384173
851 1 2 0.264980
852 1 0 0.350847
852 1 1 0.384173
852 1 2 0.264980
853 0 0 0.350847
853 0 1 0.384173
853 0 2 0.264980
854 0 0 0.350847
854 0 1 0.384173
854 0 2 0.264980
855 0 0 0.350847
855 0 1 0.384173
855 0 2 0.264980
856 0 0 0.350847
856 0 1 0.384173
856 0 2 0.264980
857 0 0 0.350847
857 0 1 0.384173
857 0 2 0.264980
858 1 0 0.350847
858 1 1 0.384173
858 1 2 0.264980
859 1 0 0.350847
859 1 1 0.384173
859 1 2 0.264980
860 1 0 0.350847
860 1 1 0.384173
860 1 2 0.264980
861 1 0 0.350847
861 1 1 0.384173
861 1 2 0.264980
862 1 0 0.350847
862 1 1 0.384173
862 1 2 0.264980
863 1 0 0.350847
863 1 1 0.384173
863 1 2 0.264980
864 1 0 0.350847
864 1 1 0.384173
864 1 2 0.264980
865 0 0 0.350847
865 0 1 0.384173
865 0 2 0.264980
866 0 0 0.350847
866 0 1 0.384173
866 0 2 0.264980
867 0 0 0.350847
867 0 1 0.384173
867 0 2 0.264980
868 0 0 0.350847
868 0 1 0.384173
868 0 2 0.264980
869 0 0 0.350847
869 0 1 0.384173
869 0 2 0.264980
870 0 0 0.350847
870 0 1 0.384173
870 0 2 0.264980
871 0 0 0.350847
871 0 1 0.384173
871 0 2 0.264980
872 0 0 0.350847
872 0 1 0.384173
872 0 2 0.264980
873 0 0 0.350847
873 0 1 0.384173
873 0 2 0.264980
874 0 0 0.350847
874 0 1 0.384173
874 0 2 0.264980
875 0 0 0.350847
875 0 1 0.384173
875 0 2 0.264980
876 0 0 0.350847
876 0 1 0.384173
876 0 2 0.264980
877 0 0 0.350847
877 0 1 0.384173
877 0 2 0.264980
878 0 0 0.350847
878 0 1 0.384173
878 0 2 0.264980
879 0 0 0.350847
879 0 1 0.384173
879 0 2 0.264980
880 0 0 0.350847
880 0 1 0.384173
880 0 2 0.264980
881 0 0 0.350847
881 0 1 0.384173
881 0 2 0.264980
882 0 0 0.350847
882 0 1 0.384173
882 0 2 0.264980
883 0 0 0.350847
883 0 1 0.384173
883 0 2 0.264980
884 0 0 0.350847
884 0 1 0.384173
884 0 2 0.264980
885 0 0 0.350847
885 0 1 0.384173
885 0 2 0.264980
886 0 0 0.350847
886 0 1 0.384173
886 0 2 0.264980
887 0 0 0.350847
887 0 1 0.384173
887 0 2 0.264980
888 0 0 0.350847
888 0 1 0.384173
888 0 2 0.264980
889 0 0 0.350847
889 0 1 0.384173
889 0 2 0.264980
890 0 0 0.350847
890 0 1 0.384173
890 0 2 0.264980
891 0 0 0.350847
891 0 1 0.384173
891 0 2 0.264980
892 0 0 0.350847
892 0 1 0.384173
892 0 2 0.264980
893 0 0 0.350847
893 0 1 0.384173
893 0 2 0.264980
894 0 0 0.350847
894 0 1 0.384173
894 0 2 0.264980
895 0 0 0.350847
895 0 1 0.384173
895 0 2 0.264980
896 0 0 0.350847
896 0 1 0.384173
896 0 2 0.264980
897 0 0 0.350847
897 0 1 0.384173
897 0 2 0.264980
898 0 0 0.350847
898 0 1 0.384173
898 0 2 0.264980
899 0 0 0.350847
899 0 1 0.384173
899 0 2 0.264980
900 1 0 1.000000
901 1 0 0.350847
901 1 1 0.384173
901 1 2 0.264980
902 1 0 0.350847
902 1 1 0.384173
902 1 2 0.264980
903 1 0 0.350847
903 1 1 0.384173
903 1 2 0.264980
904 1 0 0.350847
904 1 1 0.384173
904 1 2 0.264980
905 1 0 0.350847
905 1 1 0.384173
905 1 2 0.264980
906 1 0 0.350847
906 1 1 0.384173
906 1 2 0.264980
907 1 0 0.350847
907 1 1 0.384173
907 1 2 0.264980
908 1 0 0.350847
908 1 1 0.384173
908 1 2 0.264980
909 1 0 0.350847
909 1 1 0.384173
909 1 2 0.264980
910 1 0 0.350847
910 1 1 0.384173
910 1 2 0.264980
911 0 0 0.350847
911 0 1 0.384173
911 0 2 0.264980
912 0 0 0.350847
912 0 1 0.384173
912 0 2 0.264980
913 1 0 0.350847
913 1 1 0.384173
913 1 2 0.264980
914 1 0 0.350847
914 1 1 0.384173
914 1 2 0.264980
915 1 0 0.350847
915 1 1 0.384173
915 1 2 0.264980
916 1 0 0.350847
916 1 1 0.384173
916 1 2 0.264980
917 0 0 0.350847
917 0 1 0.384173
917 0 2 0.264980
918 0 0 0.350847
918 0 1 0.384173
918 0 2 0.264980
919 0 0 0.350847
919 0 1 0.384173
919 0 2 0.264980
920 1 0 0.350847
920 1 1 0.384173
920 1 2 0.264980
921 0 0 0.350847
921 0 1 0.384173
921 0 2 0.264980
922 0 0 0.350847
922 0 1 0.384173
922 0 2 0.264980
923 1 0 0.350847
923 1 1 0.384173
923 1 2 0.264980
924 1 0 0.350847
924 1 1 0.384173
924 1 2 0.264980
925 0 0 0.350847
925 0 1 0.384173
925 0 2 0.264980
926 0 0 0.350847
926 0 1 0.384173
926 0 2 0.264980
927 0 0 0.350847
927 0 1 0.384173
927 0 2 0.264980
928 1 0 0.350847
928 1 1 0.384173
928 1 2 0.264980
929 1 0 0.350847
929 1 1 0.384173
929 1 2 0.264980
930 0 0 0.350847
930 0 1 0.384173
930 0 2 0.264980
931 0 0 0.350847
931 0 1 0.384173
931 0 2 0.264980
932 0 0 0.350847
932 0 1 0.384173
932 0 2 0.264980
933 0 0 0.350847
933 0 1 0.384173
933 0 2 0.264980
934 0 0 0.350847
934 0 1 0.384173
934 0 2 0.264980
935 0 0 0.350847
935 0 1 0.384173
935 0 2 0.264980
936 0 0 0.350847
936 0 1 0.384173
936 0 2 0.264980
937 1 0 0.350847
937 1 1 0.384173
937 1 2 0.264980
938 1 0 0.350847
938 1 1 0.384173
938 1 2 0.264980
939 1 0 0.350847
939 1 1 0.384173
939 1 2 0.264980
940 0 0 0.350847
940 0 1 0.384173
940 0 2 0.264980
941 0 0 0.350847
941 0 1 0.384173
941 0 2 0.264980
942 0 0 0.350847
942 0 1 0.384173
942 0 2 0.264980
943 0 0 0.350847
943 0 1 0.384173
943 0 2 0.264980
944 0 0 0.350847
944 0 1 0.384173
944 0 2 0.264980
945 0 0 0.350847
945 0 1 0.384173
945 0 2 0.264980
946 0 0 0.350847
946 0 1 0.384173
946 0 2 0.264980
947 0 0 0.350847
947 0 1 0.384173
947 0 2 0.264980
948 0 0 0.350847
948 0 1 0.384173
948 0 2 0.264980
949 0 0 0.350847
949 0 1 0.384173
949 0 2 0.264980
950 0 0 0.350847
950 0 1 0.384173
950 0 2 0.264980
951 0 0 0.350847
951 0 1 0.384173
951 0 2 0.264980
952 0 0 0.350847
952 0 1 0.384173
952 0 2 0.264980
953 0 0 0.350847
953 0 1 0.384173
953 0 2 0.264980
954 0 0 0.350847
954 0 1 0.384173
954 0 2 0.264980
955 0 0 0.350847
955 0 1 0.384173
955 0 2 0.264980
956 0 0 0.350847
956 0 1 0.384173
956 0 2 0.264980
957 0 0 0.350847
957 0 1 0.384173
957 0 2 0.264980
958 0 0 0.350847
958 0 1 0.384173
958 0 2 0.264980
959 0 0 0.350847
959 0 1 0.384173
959 0 2 0.264980
960 0 0 0.350847
960 0 1 0.384173
960 0 2 0.264980
961 0 0 0.350847
961 0 1 0.384173
961 0 2 0.264980
962 0 0 0.350847
962 0 1 0.384173
962 0 2 0.264980
963 0 0 0.350847
963 0 1 0.384173
963 0 2 0.264980
964 0 0 0.350847
964 0 1 0.384173
964 0 2 0.264980
965 0 0 0.350847
965 0 1 0.384173
965 0 2 0.264980
966 0 0 0.350847
966 0 1 0.384173
966 0 2 0.264980
967 0 0 0.350847
967 0 1 0.384173
967 0 2 0.264980
968 0 0 0.350847
968 0 1 0.384173
968 0 2 0.264980
969 0 0 0.350847
969 0 1 0.384173
969 0 2 0.264980
970 0 0 0.350847
970 0 1 0.384173
970 0 2 0.264980
971 0 0 0.350847
971 0 1 0.384173
971 0 2 0.264980
972 0 0 0.350847
972 0 1 0.384173
972 0 2 0.264980
973 0 0 0.350847
973 0 1 0.384173
973 0 2 0.264980
974 0 0 0.350847
974 0 1 0.384173
974 0 2 0.264980
975 0 0 0.350847
975 0 1 0.384173
975 0 2 0.264980
976 0 0 0.350847
976 0 1 0.384173
976 0 2 0.264980
977 0 0 0.350847
977 0 1 0.384173
977 0 2 0.264980
978 0 0 0.350847
978 0 1 0.384173
978 0 2 0.264980
979 0 0 0.350847
979 0 1 0.384173
979 0 2 0.264980
980 0 0 0.350847
980 0 1 0.384173
980 0 2 0.264980
981 0 0 0.350847
981 0 1 0.384173
981 0 2 0.264980
982 1 0 1.000000
983 1 0 0.350847
983 1 1 0.384173
983 1 2 0.264980
984 1 0 0.350847
984 1 1 0.384173
984 1 2 0.264980
985 1 0 1.000000
986 0 0 0.350847
986 0 1 0.384173
986 0 2 0.264980
987 1 0 0.350847
987 1 1 0.384173
987 1 2 0.264980
988 0 0 0.350847
988 0 1 0.384173
988 0 2 0.264980
989 0 0 0.350847
989 0 1 0.384173
989 0 2 0.264980
990 0 0 0.350847
990 0 1 0.384173
990 0 2 0.264980
991 0 0 0.350847
991 0 1 0.384173
991 0 2 0.264980
992 0 0 0.350847
992 0 1 0.384173
992 0 2 0.264980
993 0 0 0.350847
993 0 1 0.384173
993 0 2 0.264980
994 0 0 0.350847
994 0 1 0.384173
994 0 2 0.264980
995 0 0 0.350847
995 0 1 0.384173
995 0 2 0.264980
996 0 0 0.350847
996 0 1 0.384173
996 0 2 0.264980
997 0 0 0.350847
997 0 1 0.384173
997 0 2 0.264980
998 0 0 0.350847
998 0 1 0.384173
998 0 2 0.264980
999 0 0 0.350847
999 0 1 0.384173
999 0 2 0.264980
1000 0 0 0.350847
1000 0 1 0.384173
1000 0 2 0.264980
1001 0 0 0.350847
1001 0 1 0.384173
1001 0 2 0.264980
1002 0 0 0.350847
1002 0 1 0.384173
1002 0 2 0.264980
1003 0 0 0.350847
1003 0 1 0.384173
1003 0 2 0.264980
1004 0 0 0.350847
1004 0 1 0.384173
1004 0 2 0.264980
1005 0 0 0.350847
1005 0 1 0.384173
1005 0 2 0.264980
1006 0 0 0.350847
1006 0 1 0.384173
1006 0 2 0.264980
1007 0 0 0.350847
1007 0 1 0.384173
1007 0 2 0.264980
1008 0 0 0.350847
1008 0 1 0.384173
1008 0 2 0.264980
1009 0 0 0.350847
1009 0 1 0.384173
1009 0 2 0.264980
1010 0 0 0.350847
1010 0 1 0.384173
1010 0 2 0.264980
1011 0 0 0.350847
1011 0 1 0.384173
1011 0 2 0.264980
1012 0 0 0.350847
1012 0 1 0.384173
1012 0 2 0.264980
1013 0 0 0.350847
1013 0 1 0.384173
1013 0 2 0.264980
1014 0 0 0.350847
1014 0 1 0.384173
1014 0 2 0.264980
1015 0 0 0.350847
1015 0 1 0.384173
1015 0 2 0.264980
1016 0 0 0.350847
1016 0 1 0.384173
1016 0 2 0.264980
1017 0 0 0.350847
1017 0 1 0.384173
1017 0 2 0.264980
1018 0 0 0.350847
1018 0 1 0.384173
1018 0 2 0.264980
1019 0 0 0.350847
1019 0 1 0.384173
1019 0 2 0.264980
1020 0 0 0.350847
1020 0 1 0.384173
1020 0 2 0.264980
1021 0 0 0.350847
1021 0 1 0.384173
1021 0 2 0.264980
1022 0 0 0.350847
1022 0 1 0.384173
1022 0 2 0.264980
1023 0 0 0.350847
1023 0 1 0.384173
1023 0 2 0.264980
1024 0 0 0.350847
1024 0 1 0.384173
1024 0 2 0.264980
1025 0 0 0.350847
1025 0 1 0.384173
1025 0 2 0.264980
1026 0 0 0.350847
1026 0 1 0.384173
1026 0 2 0.264980
1027 0 0 0.350847
1027 0 1 0.384173
1027 0 2 0.264980
1028 0 0 0.350847
1028 0 1 0.384173
1028 0 2 0.264980
1029 0 0 0.350847
1029 0 1 0.384173
1029 0 2 0.264980
1030 0 0 0.350847
1030 0 1 0.384173
1030 0 2 0.264980
1031 0 0 0.350847
1031 0 1 0.384173
1031 0 2 0.264980
1032 0 0 0.350847
1032 0 1 0.384173
1032 0 2 0.264980
1033 0 0 0.350847
1033 0 1 0.384173
1033 0 2 0.264980
1034 0 0 0.350847
1034 0 1 0.384173
1034 0 2 0.264980
1035 1 0 1.000000
1036 0 0 1.000000
1037 0 0 0.350847
1037 0 1 0.384173
1037 0 2 0.264980
1038 0 0 0.350847
1038 0 1 0.384173
1038 0 2 0.264980
1039 0 0 0.350847
1039 0 1 0.384173
1039 0 2 0.264980
1040 0 0 1.000000
1041 0 0 0.350847
1041 0 1 0.384173
1041 0 2 0.264980
1042 0 0 0.350847
1042 0 1 0.384173
1042 0 2 0.264980
1043 0 0 0.350847
1043 0 1 0.384173
1043 0 2 0.264980
1044 0 0 0.350847
1044 0 1 0.384173
1044 0 2 0.264980
1045 0 0 0.350847
1045 0 1 0.384173
1045 0 2 0.264980
1046 0 0 0.350847
1046 0 1 0.384173
1046 0 2 0.264980
1047 0 0 0.350847
1047 0 1 0.384173
1047 0 2 0.264980
1048 0 0 0.350847
1048 0 1 0.384173
1048 0 2 0.264980
1049 0 0 0.350847
1049 0 1 0.384173
1049 0 2 0.264980
1050 0 0 0.350847
1050 0 1 0.384173
1050 0 2 0.264980
1051 0 0 0.350847
1051 0 1 0.384173
1051 0 2 0.264980
1052 0 0 0.350847
1052 0 1 0.384173
1052 0 2 0.264980
1053 0 0 0.350847
1053 0 1 0.384173
1053 0 2 0.264980
1054 0 0 0.350847
1054 0 1 0.384173
1054 0 2 0.264980
1055 0 0 0.350847
1055 0 1 0.384173
1055 0 2 0.264980
1056 0 0 0.350847
1056 0 1 0.384173
1056 0 2 0.264980
1057 0 0 0.350847
1057 0 1 0.384173
1057 0 2 0.264980
1058 0 0 0.350847
1058 0 1 0.384173
1058 0 2 0.264980
1059 0 0 0.350847
1059 0 1 0.384173
1059 0 2 0.264980
